SM:2022-02-22T19:32:23.9175836Z
LM:2022-02-22T19:32:45.8059390Z
CT:image/jpeg
MA:2592000
CL:49427
