SM:2022-02-22T19:32:23.9041652Z
LM:2022-02-22T19:32:45.8059380Z
CT:image/jpeg
MA:2592000
CL:70088
