SM:2022-02-22T19:32:23.9105625Z
LM:2022-02-22T19:32:28.2469280Z
CT:image/jpeg
MA:2592000
CL:516667
