SM:2022-02-22T19:32:23.9105625Z
LM:2022-02-22T19:32:45.5665070Z
CT:image/jpeg
MA:2592000
CL:21958
